{
  "config": {
    "intrinsics": {
      "master": "/Users/ethan.jiang/Documents/Capstone/mocap_mediapipe/pipeline_test/calibration_master_800x600.npz",
      "slave1": "/Users/ethan.jiang/Documents/Capstone/mocap_mediapipe/pipeline_test/calibration_slave1_800x600.npz",
      "slave2": "/Users/ethan.jiang/Documents/Capstone/mocap_mediapipe/pipeline_test/calibration_slave2_800x600.npz"
    },
    "frame_dirs": {
      "master": "/Users/ethan.jiang/Documents/Capstone/mocap_mediapipe/pipeline_test/test4_cam1_frames",
      "slave1": "/Users/ethan.jiang/Documents/Capstone/mocap_mediapipe/pipeline_test/test4_cam2_frames",
      "slave2": "/Users/ethan.jiang/Documents/Capstone/mocap_mediapipe/pipeline_test/test4_cam3_frames"
    },
    "tag_family": "tag36h11",
    "tag_id": 1,
    "tag_size_m": 0.165,
    "max_reproj_error_px": 2.0,
    "use_median_translation": true
  },
  "intrinsics_summary": {
    "master": {
      "resolution": [
        800,
        600
      ],
      "calibration_reproj_error": 1.7016015500434152
    },
    "slave1": {
      "resolution": [
        800,
        600
      ],
      "calibration_reproj_error": 0.9818035075076176
    },
    "slave2": {
      "resolution": [
        800,
        600
      ],
      "calibration_reproj_error": 0.622791757247592
    }
  },
  "num_total_frames": 476,
  "debug_stats": {
    "missing_pose_any_view": 1,
    "high_reprojection_error": 0,
    "valid_frames": 475
  },
  "per_frame_records": [
    {
      "frame_index": 0,
      "image_master": "frame_00001.jpg",
      "image_slave1": "frame_00001.jpg",
      "image_slave2": "frame_00001.jpg",
      "used": false
    },
    {
      "frame_index": 1,
      "image_master": "frame_00002.jpg",
      "image_slave1": "frame_00002.jpg",
      "image_slave2": "frame_00002.jpg",
      "used": true,
      "reproj_master": 0.0986833639128276,
      "reproj_slave1": 0.526670009711632,
      "reproj_slave2": 0.278523727269345,
      "T_slave1_master": [
        [
          0.9791828725673954,
          -0.10578278833128389,
          -0.17323655435133317,
          0.7233992690413398
        ],
        [
          0.0961188950890201,
          0.9933564660177979,
          -0.06327787470749646,
          0.25261682640960575
        ],
        [
          0.17877936144177706,
          0.045309304932767025,
          0.9828453626125425,
          -0.03863562091918338
        ],
        [
          0.0,
          0.0,
          0.0,
          1.0
        ]
      ],
      "T_slave2_master": [
        [
          0.998298259343445,
          0.04978185951973325,
          0.030370246205879622,
          -0.07044977797487595
        ],
        [
          -0.05402605603161857,
          0.9855789995168135,
          0.16035966132760968,
          -0.4234977325012345
        ],
        [
          -0.02194927473782706,
          -0.16172755539546999,
          0.9865913171948599,
          -0.08497328075336341
        ],
        [
          0.0,
          0.0,
          0.0,
          1.0
        ]
      ]
    },
    {
      "frame_index": 2,
      "image_master": "frame_00003.jpg",
      "image_slave1": "frame_00003.jpg",
      "image_slave2": "frame_00003.jpg",
      "used": true,
      "reproj_master": 0.13574089745609796,
      "reproj_slave1": 0.563341602517974,
      "reproj_slave2": 0.2702037993179739,
      "T_slave1_master": [
        [
          0.9799196636053353,
          -0.10409018898522193,
          -0.17006670878401642,
          0.7186129411992894
        ],
        [
          0.09432488261806357,
          0.993446793067249,
          -0.06454677268064313,
          0.25321176280158997
        ],
        [
          0.17567091221569722,
          0.047209129428733176,
          0.9833163421299811,
          -0.0463766540305961
        ],
        [
          0.0,
          0.0,
          0.0,
          1.0
        ]
      ],
      "T_slave2_master": [
        [
          0.9977773075994085,
          0.05411405107547435,
          0.03888590896296765,
          -0.08851081085658286
        ],
        [
          -0.059810080336266364,
          0.9845521996472889,
          0.1645591700874011,
          -0.4366944934361827
        ],
        [
          -0.029380243869726742,
          -0.16651917500962393,
          0.9856004086972924,
          -0.08912532598642997
        ],
        [
          0.0,
          0.0,
          0.0,
          1.0
        ]
      ]
    },
    {
      "frame_index": 3,
      "image_master": "frame_00004.jpg",
      "image_slave1": "frame_00004.jpg",
      "image_slave2": "frame_00004.jpg",
      "used": true,
      "reproj_master": 0.12291160580510896,
      "reproj_slave1": 0.5571090545999879,
      "reproj_slave2": 0.2717989789479914,
      "T_slave1_master": [
        [
          0.9783231914111452,
          -0.10713674064083874,
          -0.17721583437144633,
          0.7311085029307094
        ],
        [
          0.09681776561459048,
          0.9931174105576484,
          -0.06591000765186514,
          0.25840588034709844
        ],
        [
          0.18305751393621725,
          0.04732364791653704,
          0.981962534386808,
          -0.035218837653341994
        ],
        [
          0.0,
          0.0,
          0.0,
          1.0
        ]
      ],
      "T_slave2_master": [
        [
          0.9982200639890421,
          0.05038421371808381,
          0.03190822554956463,
          -0.07334963720853582
        ],
        [
          -0.054984665408483804,
          0.984719717930828,
          0.16523850546451682,
          -0.4333368618871929
        ],
        [
          -0.023095246689059677,
          -0.16669885460386497,
          0.9857373389773417,
          -0.08281801281502976
        ],
        [
          0.0,
          0.0,
          0.0,
          1.0
        ]
      ]
    },
    {
      "frame_index": 4,
      "image_master": "frame_00005.jpg",
      "image_slave1": "frame_00005.jpg",
      "image_slave2": "frame_00005.jpg",
      "used": true,
      "reproj_master": 0.08411830216265374,
      "reproj_slave1": 0.5951729481742282,
      "reproj_slave2": 0.24537322504672907,
      "T_slave1_master": [
        [
          0.9751278144295863,
          -0.11358597111157175,
          -0.19032596431496004,
          0.7573454951543811
        ],
        [
          0.10093692223510643,
          0.9920681439198726,
          -0.07491685757613717,
          0.2792044793842745
        ],
        [
          0.19732583017811525,
          0.05384259453277046,
          0.9788582592788893,
          -0.022202849608906616
        ],
        [
          0.0,
          0.0,
          0.0,
          1.0
        ]
      ],
      "T_slave2_master": [
        [
          0.9987903794284425,
          0.04553325804755773,
          0.018560721235014687,
          -0.04632232247104917
        ],
        [
          -0.04790607267325228,
          0.9861742398739124,
          0.15863598838263804,
          -0.4148544758895387
        ],
        [
          -0.011080891760796076,
          -0.15933327028805355,
          0.9871626627952961,
          -0.07542854131602184
        ],
        [
          0.0,
          0.0,
          0.0,
          1.0
        ]
      ]
    },
    {
      "frame_index": 5,
      "image_master": "frame_00006.jpg",
      "image_slave1": "frame_00006.jpg",
      "image_slave2": "frame_00006.jpg",
      "used": true,
      "reproj_master": 0.06354657492107345,
      "reproj_slave1": 0.5879500979123029,
      "reproj_slave2": 0.28642055730207217,
      "T_slave1_master": [
        [
          0.9762969022728243,
          -0.10942455270593571,
          -0.1867367823370453,
          0.7494437641021978
        ],
        [
          0.0987769003558601,
          0.9929562053066678,
          -0.06543010239233316,
          0.2587799535748739
        ],
        [
          0.19258110646835427,
          0.04543392573934832,
          0.9802286854725971,
          -0.024383500597878083
        ],
        [
          0.0,
          0.0,
          0.0,
          1.0
        ]
      ],
      "T_slave2_master": [
        [
          0.9987008282462878,
          0.04593373900369117,
          0.022062349859419007,
          -0.052935489594585605
        ],
        [
          -0.04887356896329346,
          0.9859758637549237,
          0.15957120777108327,
          -0.41771292785528874
        ],
        [
          -0.014423242248843246,
          -0.16044216314258808,
          0.9869398575238301,
          -0.07840526262134873
        ],
        [
          0.0,
          0.0,
          0.0,
          1.0
        ]
      ]
    },
    {
      "frame_index": 6,
      "image_master": "frame_00007.jpg",
      "image_slave1": "frame_00007.jpg",
      "image_slave2": "frame_00007.jpg",
      "used": true,
      "reproj_master": 0.10799992788040848,
      "reproj_slave1": 0.5693815922644571,
      "reproj_slave2": 0.2797448665225806,
      "T_slave1_master": [
        [
          0.9772140723977348,
          -0.10558902131822621,
          -0.18412934389959076,
          0.742992468888569
        ],
        [
          0.09622076143956179,
          0.9936028793126351,
          -0.05911753791923369,
          0.24430041459283297
        ],
        [
          0.18919360923621484,
          0.04005342430679629,
          0.9811225720701129,
          -0.025881091866552852
        ],
        [
          0.0,
          0.0,
          0.0,
          1.0
        ]
      ],
      "T_slave2_master": [
        [
          0.9983954878101705,
          0.05062515635877926,
          0.025368158465698214,
          -0.06197266703054172
        ],
        [
          -0.05415195592699851,
          0.9845724427605613,
          0.166387110756158,
          -0.43408173131110217
        ],
        [
          -0.016553416250793374,
          -0.16749387600790297,
          0.9857341355103195,
          -0.07384572949176516
        ],
        [
          0.0,
          0.0,
          0.0,
          1.0
        ]
      ]
    },
    {
      "frame_index": 7,
      "image_master": "frame_00008.jpg",
      "image_slave1": "frame_00008.jpg",
      "image_slave2": "frame_00008.jpg",
      "used": true,
      "reproj_master": 0.14219001670408415,
      "reproj_slave1": 0.5832868515982707,
      "reproj_slave2": 0.27752928784639624,
      "T_slave1_master": [
        [
          0.9792946077807937,
          -0.10771511700374999,
          -0.17140456452595162,
          0.7228234295879807
        ],
        [
          0.09721258993433265,
          0.9928997908414261,
          -0.06855448712748,
          0.2634573935890866
        ],
        [
          0.17757191086915175,
          0.050472357938984774,
          0.9828126767367001,
          -0.04598973849230448
        ],
        [
          0.0,
          0.0,
          0.0,
          1.0
        ]
      ],
      "T_slave2_master": [
        [
          0.9976841265506736,
          0.052345183693317705,
          0.04343230793926737,
          -0.09610671243386582
        ],
        [
          -0.058743328828243575,
          0.984997627289281,
          0.1622618117508361,
          -0.43202351489488056
        ],
        [
          -0.03428709592536779,
          -0.1644373922762088,
          0.9857914277748641,
          -0.09569846349226596
        ],
        [
          0.0,
          0.0,
          0.0,
          1.0
        ]
      ]
    },
    {
      "frame_index": 8,
      "image_master": "frame_00009.jpg",
      "image_slave1": "frame_00009.jpg",
      "image_slave2": "frame_00009.jpg",
      "used": true,
      "reproj_master": 0.13967111536905066,
      "reproj_slave1": 0.5705813927423382,
      "reproj_slave2": 0.27850668034696296,
      "T_slave1_master": [
        [
          0.9798194873245426,
          -0.10347206751766194,
          -0.1710184303012106,
          0.720478338292748
        ],
        [
          0.09383436400986259,
          0.9935587658628817,
          -0.06353023617059772,
          0.25081680130176415
        ],
        [
          0.17649046543633498,
          0.04620075779300312,
          0.9832174762428799,
          -0.04491687417297685
        ],
        [
          0.0,
          0.0,
          0.0,
          1.0
        ]
      ],
      "T_slave2_master": [
        [
          0.9979473807418301,
          0.051022901437010854,
          0.03869998448926378,
          -0.08654790413275004
        ],
        [
          -0.056618357781785006,
          0.9853446804766208,
          0.16090438843772908,
          -0.4277481269687855
        ],
        [
          -0.029923015098983076,
          -0.16276524255926042,
          0.9862109758981651,
          -0.09284139905675093
        ],
        [
          0.0,
          0.0,
          0.0,
          1.0
        ]
      ]
    },
    {
      "frame_index": 9,
      "image_master": "frame_00010.jpg",
      "image_slave1": "frame_00010.jpg",
      "image_slave2": "frame_00010.jpg",
      "used": true,
      "reproj_master": 0.0802834552360033,
      "reproj_slave1": 0.5306411598732305,
      "reproj_slave2": 0.30289825806369514,
      "T_slave1_master": [
        [
          0.9777783374683343,
          -0.10791510939162333,
          -0.17973272362776277,
          0.7351410101626605
        ],
        [
          0.09790444498620628,
          0.9931555625718103,
          -0.06369260698553761,
          0.2552799167459924
        ],
        [
          0.1853759488973764,
          0.044680618814707695,
          0.9816513637095057,
          -0.029033308650694645
        ],
        [
          0.0,
          0.0,
          0.0,
          1.0
        ]
      ],
      "T_slave2_master": [
        [
          0.9985336827388452,
          0.04564981601464272,
          0.029096026083116813,
          -0.06551275827335856
        ],
        [
          -0.049626285117921554,
          0.9866496320522546,
          0.15511200919511495,
          -0.4103545457910399
        ],
        [
          -0.021626748747671388,
          -0.15632849346481886,
          0.9874683214511873,
          -0.08996229325227567
        ],
        [
          0.0,
          0.0,
          0.0,
          1.0
        ]
      ]
    },
    {
      "frame_index": 10,
      "image_master": "frame_00011.jpg",
      "image_slave1": "frame_00011.jpg",
      "image_slave2": "frame_00011.jpg",
      "used": true,
      "reproj_master": 0.08930776150452314,
      "reproj_slave1": 0.555802268448929,
      "reproj_slave2": 0.24823068790384947,
      "T_slave1_master": [
        [
          0.9793035794098904,
          -0.10499831348460699,
          -0.17303136571259017,
          0.7227442072455981
        ],
        [
          0.0953662021994055,
          0.9934407424573797,
          -0.06309341252295908,
          0.25172327957566876
        ],
        [
          0.17852111032882914,
          0.04528626051153253,
          0.9828933654145009,
          -0.03846595666275854
        ],
        [
          0.0,
          0.0,
          0.0,
          1.0
        ]
      ],
      "T_slave2_master": [
        [
          0.9977685501958469,
          0.052499916636081924,
          0.04125141201561751,
          -0.09175344230690008
        ],
        [
          -0.05857810601958432,
          0.9847989913825697,
          0.16352232895550287,
          -0.43367417763099303
        ],
        [
          -0.03203944030778505,
          -0.16557386667308877,
          0.9856768075488467,
          -0.09324729108843544
        ],
        [
          0.0,
          0.0,
          0.0,
          1.0
        ]
      ]
    },
    {
      "frame_index": 11,
      "image_master": "frame_00012.jpg",
      "image_slave1": "frame_00012.jpg",
      "image_slave2": "frame_00012.jpg",
      "used": true,
      "reproj_master": 0.13189552812500138,
      "reproj_slave1": 0.5464024735486496,
      "reproj_slave2": 0.2951296274199702,
      "T_slave1_master": [
        [
          0.9791253930293791,
          -0.10825497405646001,
          -0.17203001283816605,
          0.7215633556904669
        ],
        [
          0.09778161916979247,
          0.9928644897768617,
          -0.06825584145452901,
          0.2642370951722696
        ],
        [
          0.17819152526873458,
          0.05000965438960059,
          0.982724180424108,
          -0.03872470473060563
        ],
        [
          0.0,
          0.0,
          0.0,
          1.0
        ]
      ],
      "T_slave2_master": [
        [
          0.9985591561622733,
          0.04463583116436618,
          0.0297868128666709,
          -0.06721676941023591
        ],
        [
          -0.0485205264743247,
          0.9881109149565668,
          0.14588549706653783,
          -0.39176391997402193
        ],
        [
          -0.022920954498934727,
          -0.1471205706893589,
          0.9888529554614757,
          -0.09528505505070273
        ],
        [
          0.0,
          0.0,
          0.0,
          1.0
        ]
      ]
    },
    {
      "frame_index": 12,
      "image_master": "frame_00013.jpg",
      "image_slave1": "frame_00013.jpg",
      "image_slave2": "frame_00013.jpg",
      "used": true,
      "reproj_master": 0.19723618568094328,
      "reproj_slave1": 0.5115969033821908,
      "reproj_slave2": 0.2920830503073262,
      "T_slave1_master": [
        [
          0.9783216528348266,
          -0.11012999852656719,
          -0.17537995044779262,
          0.7276792137793597
        ],
        [
          0.09869380152680385,
          0.992460655031212,
          -0.07267311576645882,
          0.2737818917321679
        ],
        [
          0.18206119063303883,
          0.053788768712023566,
          0.981814896620399,
          -0.03508015148043753
        ],
        [
          0.0,
          0.0,
          0.0,
          1.0
        ]
      ],
      "T_slave2_master": [
        [
          0.9986560587199893,
          0.04452650988155909,
          0.02652293912116851,
          -0.060459574420474005
        ],
        [
          -0.04801704337807544,
          0.9874940441918301,
          0.15016616207019368,
          -0.3993709840044567
        ],
        [
          -0.019504869317322093,
          -0.15123790068442186,
          0.9883049415385331,
          -0.09043342159591172
        ],
        [
          0.0,
          0.0,
          0.0,
          1.0
        ]
      ]
    },
    {
      "frame_index": 13,
      "image_master": "frame_00014.jpg",
      "image_slave1": "frame_00014.jpg",
      "image_slave2": "frame_00014.jpg",
      "used": true,
      "reproj_master": 0.07982754380547032,
      "reproj_slave1": 0.5573749328209199,
      "reproj_slave2": 0.3023057536635021,
      "T_slave1_master": [
        [
          0.9791715629179434,
          -0.10585734724750767,
          -0.17325493472496784,
          0.7241079388458461
        ],
        [
          0.09623932551592933,
          0.9933607603086189,
          -0.0630269157052922,
          0.251920065378117
        ],
        [
          0.17877651578736872,
          0.045040225496811054,
          0.9828582479127522,
          -0.04007321239623507
        ],
        [
          0.0,
          0.0,
          0.0,
          1.0
        ]
      ],
      "T_slave2_master": [
        [
          0.9981289013000463,
          0.04906088455172808,
          0.036492821164768256,
          -0.08227899992193399
        ],
        [
          -0.05415782890427645,
          0.9864013775249728,
          0.15517490771774753,
          -0.41389302545990936
        ],
        [
          -0.028383550833834446,
          -0.1568609321145275,
          0.9872127541812983,
          -0.09314993554075812
        ],
        [
          0.0,
          0.0,
          0.0,
          1.0
        ]
      ]
    },
    {
      "frame_index": 14,
      "image_master": "frame_00015.jpg",
      "image_slave1": "frame_00015.jpg",
      "image_slave2": "frame_00015.jpg",
      "used": true,
      "reproj_master": 0.1727137154916374,
      "reproj_slave1": 0.4980510961766066,
      "reproj_slave2": 0.2577544855801782,
      "T_slave1_master": [
        [
          0.9815742776511364,
          -0.09388660826484942,
          -0.16642488468427052,
          0.7083838529809166
        ],
        [
          0.0874555700152217,
          0.9951253426102098,
          -0.045574946716644,
          0.21016981177303645
        ],
        [
          0.16989249755937633,
          0.03018041224759843,
          0.9850003461875546,
          -0.045745225342824325
        ],
        [
          0.0,
          0.0,
          0.0,
          1.0
        ]
      ],
      "T_slave2_master": [
        [
          0.9973581257303559,
          0.05839029896782574,
          0.04321275304906865,
          -0.09945939798553438
        ],
        [
          -0.06522418451059664,
          0.9817074781791354,
          0.17887490892266028,
          -0.4676972582783765
        ],
        [
          -0.03197772341114214,
          -0.1812208604813758,
          0.9829223900857231,
          -0.07899746658656093
        ],
        [
          0.0,
          0.0,
          0.0,
          1.0
        ]
      ]
    },
    {
      "frame_index": 15,
      "image_master": "frame_00016.jpg",
      "image_slave1": "frame_00016.jpg",
      "image_slave2": "frame_00016.jpg",
      "used": true,
      "reproj_master": 0.07422486564116813,
      "reproj_slave1": 0.5012979017479029,
      "reproj_slave2": 0.28574330961430455,
      "T_slave1_master": [
        [
          0.9770516195904585,
          -0.11312340991129322,
          -0.18048054406418487,
          0.7378143247591324
        ],
        [
          0.10103014963664034,
          0.9920617091272114,
          -0.07487639246113933,
          0.2800796237589514
        ],
        [
          0.18751810984558465,
          0.05492412414994008,
          0.9807243746671647,
          -0.02937714071420694
        ],
        [
          0.0,
          0.0,
          0.0,
          1.0
        ]
      ],
      "T_slave2_master": [
        [
          0.9988542412844895,
          0.04233130904305344,
          0.022321848997980478,
          -0.05156215701157729
        ],
        [
          -0.0451374444017634,
          0.9883218581639516,
          0.1455421443714224,
          -0.388095220085859
        ],
        [
          -0.01590018178716372,
          -0.14638293940912575,
          0.989100206889615,
          -0.09006496017404308
        ],
        [
          0.0,
          0.0,
          0.0,
          1.0
        ]
      ]
    },
    {
      "frame_index": 16,
      "image_master": "frame_00017.jpg",
      "image_slave1": "frame_00017.jpg",
      "image_slave2": "frame_00017.jpg",
      "used": true,
      "reproj_master": 0.18254216032517384,
      "reproj_slave1": 0.5246400057374143,
      "reproj_slave2": 0.3033915404027819,
      "T_slave1_master": [
        [
          0.97963129406686,
          -0.1086649125526897,
          -0.16886226477459426,
          0.7184659521771315
        ],
        [
          0.09771330376720627,
          0.992614750644992,
          -0.07188926949745572,
          0.27022460736439874
        ],
        [
          0.17542701602600025,
          0.05392488833457548,
          0.9830144802933053,
          -0.049932074448969965
        ],
        [
          0.0,
          0.0,
          0.0,
          1.0
        ]
      ],
      "T_slave2_master": [
        [
          0.9978705428741163,
          0.04953280956709489,
          0.04243678169355419,
          -0.09340394145676256
        ],
        [
          -0.055533933172069436,
          0.9864375597185121,
          0.1544568646678635,
          -0.41467174688312824
        ],
        [
          -0.03421055291217293,
          -0.15648463679536243,
          0.9870877349640541,
          -0.10024246441861306
        ],
        [
          0.0,
          0.0,
          0.0,
          1.0
        ]
      ]
    },
    {
      "frame_index": 17,
      "image_master": "frame_00018.jpg",
      "image_slave1": "frame_00018.jpg",
      "image_slave2": "frame_00018.jpg",
      "used": true,
      "reproj_master": 0.12260127331402762,
      "reproj_slave1": 0.5307788233496066,
      "reproj_slave2": 0.30869757534754155,
      "T_slave1_master": [
        [
          0.980724483054339,
          -0.10232874932679287,
          -0.16645814909163628,
          0.712219512939068
        ],
        [
          0.09356111907370826,
          0.9938215656395549,
          -0.05970772703276553,
          0.24278162053244784
        ],
        [
          0.17153951537612075,
          0.04298281902060691,
          0.9842391335105344,
          -0.05058593643161147
        ],
        [
          0.0,
          0.0,
          0.0,
          1.0
        ]
      ],
      "T_slave2_master": [
        [
          0.9974768982642133,
          0.05540774584966551,
          0.0443826444577525,
          -0.09966367512617735
        ],
        [
          -0.06205606753509998,
          0.9841651596672965,
          0.16603608938759015,
          -0.4417100075679866
        ],
        [
          -0.03448016692656096,
          -0.16837137582410971,
          0.9851203976630537,
          -0.09260886666979484
        ],
        [
          0.0,
          0.0,
          0.0,
          1.0
        ]
      ]
    },
    {
      "frame_index": 18,
      "image_master": "frame_00019.jpg",
      "image_slave1": "frame_00019.jpg",
      "image_slave2": "frame_00019.jpg",
      "used": true,
      "reproj_master": 0.13295437818415862,
      "reproj_slave1": 0.5336748513191474,
      "reproj_slave2": 0.27023329779882826,
      "T_slave1_master": [
        [
          0.9777953784036594,
          -0.10468466216783175,
          -0.18154150897040064,
          0.7367812742820979
        ],
        [
          0.0959775071916951,
          0.993799861561458,
          -0.05612622625559974,
          0.23874505304879712
        ],
        [
          0.18629148151676483,
          0.03745606315716593,
          0.9817802846090644,
          -0.025290082321323792
        ],
        [
          0.0,
          0.0,
          0.0,
          1.0
        ]
      ],
      "T_slave2_master": [
        [
          0.9985700722814187,
          0.04756468711591883,
          0.02440105086765723,
          -0.05911700786324492
        ],
        [
          -0.05087355656722983,
          0.9857357080692479,
          0.16042753840728,
          -0.4199126037914335
        ],
        [
          -0.016422301485544598,
          -0.16143950686490321,
          0.9867459620576791,
          -0.07706745971739304
        ],
        [
          0.0,
          0.0,
          0.0,
          1.0
        ]
      ]
    },
    {
      "frame_index": 19,
      "image_master": "frame_00020.jpg",
      "image_slave1": "frame_00020.jpg",
      "image_slave2": "frame_00020.jpg",
      "used": true,
      "reproj_master": 0.14555938362442383,
      "reproj_slave1": 0.5278496186825528,
      "reproj_slave2": 0.2379779039518678,
      "T_slave1_master": [
        [
          0.9780370873953955,
          -0.10698769570971735,
          -0.17887730053267298,
          0.7339812907308296
        ],
        [
          0.09724225846645426,
          0.9933017557184666,
          -0.062414463507709406,
          0.2517003888410316
        ],
        [
          0.18435671630693184,
          0.043649227408246366,
          0.9818896812265563,
          -0.03269456567693041
        ],
        [
          0.0,
          0.0,
          0.0,
          1.0
        ]
      ],
      "T_slave2_master": [
        [
          0.9982014257722477,
          0.04957822537481298,
          0.03370331074147424,
          -0.07745793132975276
        ],
        [
          -0.054413616925047835,
          0.9852448325213103,
          0.16227069446819137,
          -0.4268532205145911
        ],
        [
          -0.02516091968482603,
          -0.16381275761899394,
          0.98617052712088,
          -0.0844362815156594
        ],
        [
          0.0,
          0.0,
          0.0,
          1.0
        ]
      ]
    },
    {
      "frame_index": 20,
      "image_master": "frame_00021.jpg",
      "image_slave1": "frame_00021.jpg",
      "image_slave2": "frame_00021.jpg",
      "used": true,
      "reproj_master": 0.12859469608812113,
      "reproj_slave1": 0.5459331253534193,
      "reproj_slave2": 0.2625850538703529,
      "T_slave1_master": [
        [
          0.9821586607217742,
          -0.09727628661034354,
          -0.16094001749879572,
          0.700190239798185
        ],
        [
          0.09022630961070165,
          0.9946367866904399,
          -0.05056555760742573,
          0.2220794094639677
        ],
        [
          0.16499569152933702,
          0.03514237649076096,
          0.9856680146739759,
          -0.05422630047826282
        ],
        [
          0.0,
          0.0,
          0.0,
          1.0
        ]
      ],
      "T_slave2_master": [
        [
          0.9975496596839982,
          0.05537951364614881,
          0.04275261316754077,
          -0.09698279327432213
        ],
        [
          -0.06182287469215509,
          0.9838259334890934,
          0.1681203876961744,
          -0.4452758251269967
        ],
        [
          -0.032750704254037956,
          -0.17035152497887984,
          0.9848389458729963,
          -0.08848066072648764
        ],
        [
          0.0,
          0.0,
          0.0,
          1.0
        ]
      ]
    },
    {
      "frame_index": 21,
      "image_master": "frame_00022.jpg",
      "image_slave1": "frame_00022.jpg",
      "image_slave2": "frame_00022.jpg",
      "used": true,
      "reproj_master": 0.11782613053395281,
      "reproj_slave1": 0.546554540783605,
      "reproj_slave2": 0.21312233249778473,
      "T_slave1_master": [
        [
          0.9801475306384335,
          -0.10180315463761912,
          -0.17013799072873254,
          0.7182971485501631
        ],
        [
          0.09293956770709824,
          0.993904659561502,
          -0.05929388211571429,
          0.24160308496535748
        ],
        [
          0.17513724600380973,
          0.0423042008288011,
          0.9836347389424784,
          -0.045302038086191265
        ],
        [
          0.0,
          0.0,
          0.0,
          1.0
        ]
      ],
      "T_slave2_master": [
        [
          0.9974225983698127,
          0.05598990727725798,
          0.044869706309463325,
          -0.10060236833783232
        ],
        [
          -0.06282271999399237,
          0.9835851259602738,
          0.16915556698574458,
          -0.4481642896070045
        ],
        [
          -0.03466217122123002,
          -0.17153842214733203,
          0.9845674703205637,
          -0.09076129213219941
        ],
        [
          0.0,
          0.0,
          0.0,
          1.0
        ]
      ]
    },
    {
      "frame_index": 22,
      "image_master": "frame_00023.jpg",
      "image_slave1": "frame_00023.jpg",
      "image_slave2": "frame_00023.jpg",
      "used": true,
      "reproj_master": 0.04645231322986947,
      "reproj_slave1": 0.5137121380159276,
      "reproj_slave2": 0.29093380282596776,
      "T_slave1_master": [
        [
          0.9774596825834662,
          -0.10951809866148061,
          -0.1804947505868381,
          0.7371360087660567
        ],
        [
          0.09904211243379298,
          0.9928859309973883,
          -0.06609226877707697,
          0.26088404939133597
        ],
        [
          0.18644899808924323,
          0.04672594667873178,
          0.9813528707954616,
          -0.02881666309846831
        ],
        [
          0.0,
          0.0,
          0.0,
          1.0
        ]
      ],
      "T_slave2_master": [
        [
          0.9987067418797119,
          0.0444617969770991,
          0.02465750055417462,
          -0.056822563294810724
        ],
        [
          -0.047693308898751174,
          0.9873178510174332,
          0.1514226183521006,
          -0.401550021362073
        ],
        [
          -0.01761226874369687,
          -0.1524027876119226,
          0.9881615244067212,
          -0.08808838926815832
        ],
        [
          0.0,
          0.0,
          0.0,
          1.0
        ]
      ]
    },
    {
      "frame_index": 23,
      "image_master": "frame_00024.jpg",
      "image_slave1": "frame_00024.jpg",
      "image_slave2": "frame_00024.jpg",
      "used": true,
      "reproj_master": 0.0611777851198034,
      "reproj_slave1": 0.5475061060064068,
      "reproj_slave2": 0.2558760680096011,
      "T_slave1_master": [
        [
          0.977868475339809,
          -0.1103529045770603,
          -0.17775117830272033,
          0.7325436091913614
        ],
        [
          0.09940841654613898,
          0.9926256296791853,
          -0.06937093068274405,
          0.26759732844783624
        ],
        [
          0.1840956589830099,
          0.05016568304535446,
          0.9816273185828747,
          -0.033019230052633075
        ],
        [
          0.0,
          0.0,
          0.0,
          1.0
        ]
      ],
      "T_slave2_master": [
        [
          0.9983948804607727,
          0.047407033360952054,
          0.030987672672096938,
          -0.07034353641751567
        ],
        [
          -0.05162503410169665,
          0.9867705543328578,
          0.15368386042660181,
          -0.408841872004758
        ],
        [
          -0.023292027041846422,
          -0.1550369191177965,
          0.9876340593492834,
          -0.09119366450225908
        ],
        [
          0.0,
          0.0,
          0.0,
          1.0
        ]
      ]
    },
    {
      "frame_index": 24,
      "image_master": "frame_00025.jpg",
      "image_slave1": "frame_00025.jpg",
      "image_slave2": "frame_00025.jpg",
      "used": true,
      "reproj_master": 0.1455085033872849,
      "reproj_slave1": 0.5763970247710066,
      "reproj_slave2": 0.30599390624793943,
      "T_slave1_master": [
        [
          0.9819369813215747,
          -0.09540532810013905,
          -0.16339396587138175,
          0.7025979613893902
        ],
        [
          0.08923147693482109,
          0.9950058608996887,
          -0.044733436032795504,
          0.2102395762781124
        ],
        [
          0.16684576181942398,
          0.029345530245243834,
          0.9855462097829415,
          -0.04684115437588576
        ],
        [
          0.0,
          0.0,
          0.0,
          1.0
        ]
      ],
      "T_slave2_master": [
        [
          0.9977887605892484,
          0.05434854941699125,
          0.038259958416614594,
          -0.08818447868564616
        ],
        [
          -0.060056532352885314,
          0.9838407962635656,
          0.16867276166951303,
          -0.4442581081895436
        ],
        [
          -0.028474588030717056,
          -0.17059754624185658,
          0.9849292741373559,
          -0.08367341165504372
        ],
        [
          0.0,
          0.0,
          0.0,
          1.0
        ]
      ]
    },
    {
      "frame_index": 25,
      "image_master": "frame_00026.jpg",
      "image_slave1": "frame_00026.jpg",
      "image_slave2": "frame_00026.jpg",
      "used": true,
      "reproj_master": 0.0914461900392369,
      "reproj_slave1": 0.5295196433460047,
      "reproj_slave2": 0.3174953980178756,
      "T_slave1_master": [
        [
          0.9794033551526801,
          -0.101325797003986,
          -0.17464864951433173,
          0.7258731753335612
        ],
        [
          0.09300420908843868,
          0.9941337022627595,
          -0.05521230947146766,
          0.233625635360531
        ],
        [
          0.17921853979850091,
          0.03783206162563918,
          0.9830816090771136,
          -0.03795552801426161
        ],
        [
          0.0,
          0.0,
          0.0,
          1.0
        ]
      ],
      "T_slave2_master": [
        [
          0.997911417097783,
          0.05220119408685781,
          0.03805047912709138,
          -0.0857896411056609
        ],
        [
          -0.05783565415676607,
          0.9843696881497132,
          0.1663470894253794,
          -0.4388111132381868
        ],
        [
          -0.028772221571403935,
          -0.16820033408986573,
          0.9853328406573604,
          -0.08793868807476923
        ],
        [
          0.0,
          0.0,
          0.0,
          1.0
        ]
      ]
    },
    {
      "frame_index": 26,
      "image_master": "frame_00027.jpg",
      "image_slave1": "frame_00027.jpg",
      "image_slave2": "frame_00027.jpg",
      "used": true,
      "reproj_master": 0.10864510877783187,
      "reproj_slave1": 0.5459808738009115,
      "reproj_slave2": 0.2362255393904014,
      "T_slave1_master": [
        [
          0.9798167911761022,
          -0.1044563196058648,
          -0.17043454175654477,
          0.7186539158306908
        ],
        [
          0.09487240439546651,
          0.9934645596878924,
          -0.06346176430233708,
          0.251855462216666
        ],
        [
          0.17594965931649043,
          0.046011367492607064,
          0.9833232792158799,
          -0.043165597523552535
        ],
        [
          0.0,
          0.0,
          0.0,
          1.0
        ]
      ],
      "T_slave2_master": [
        [
          0.9975705586494957,
          0.05383350531362475,
          0.04421463808944187,
          -0.09841118668676474
        ],
        [
          -0.060473593559989096,
          0.9842680445767987,
          0.166010122904919,
          -0.4400070544578759
        ],
        [
          -0.03458214854044844,
          -0.1682806291009545,
          0.9851323286095698,
          -0.09290293865166599
        ],
        [
          0.0,
          0.0,
          0.0,
          1.0
        ]
      ]
    },
    {
      "frame_index": 27,
      "image_master": "frame_00028.jpg",
      "image_slave1": "frame_00028.jpg",
      "image_slave2": "frame_00028.jpg",
      "used": true,
      "reproj_master": 0.08307168147216543,
      "reproj_slave1": 0.5540796306642872,
      "reproj_slave2": 0.2797620881490957,
      "T_slave1_master": [
        [
          0.9800726631471951,
          -0.10116858686904236,
          -0.17094587442370843,
          0.7181787647147102
        ],
        [
          0.092545813152633,
          0.994035222128549,
          -0.057699650222200666,
          0.2385881622245264
        ],
        [
          0.1757636123305482,
          0.04072952490230383,
          0.9835894765509385,
          -0.040836650033594823
        ],
        [
          0.0,
          0.0,
          0.0,
          1.0
        ]
      ],
      "T_slave2_master": [
        [
          0.9977336792685425,
          0.05407384402406192,
          0.04004403383426344,
          -0.09047737741997453
        ],
        [
          -0.060153251504036685,
          0.9834818708037468,
          0.17071905615324376,
          -0.448486234749411
        ],
        [
          -0.03015114569548434,
          -0.1727409308554973,
          0.9845057029903006,
          -0.08562612023785254
        ],
        [
          0.0,
          0.0,
          0.0,
          1.0
        ]
      ]
    },
    {
      "frame_index": 28,
      "image_master": "frame_00029.jpg",
      "image_slave1": "frame_00029.jpg",
      "image_slave2": "frame_00029.jpg",
      "used": true,
      "reproj_master": 0.07346882296956561,
      "reproj_slave1": 0.5508426978547166,
      "reproj_slave2": 0.2957803435949586,
      "T_slave1_master": [
        [
          0.977797612497913,
          -0.11128434136251714,
